function [color] = NDVIColor()
%Returns a color index matrix perfect for NDVI
%   Just use NDVIColor() instead of a variable
%   
%   Added by Kris Auker
%   FJ Drone, LLC.

color = [0, 0, 0;   %Black
        0.0, 0, 0;  %Black
        0.0, 0, 0;
        0.0, 0, 0;
        0.0, 0, 0;
        0.0, 0, 0;
        0.0, 0, 0;
        0.0, 0, 0;
        0.0, 0, 0;
        0.0, 0, 0;
        0.0, 0, 0;
        0.0, 0, 0;
        0.0, 0, 0;
        0.0, 0, 0;
        0.0, 0, 0;
        0.0, 0, 0;
        0.0, 0, 0;
        0.0, 0, 0;
        0.0, 0, 0;  %Black
        0.0, 0, 0;  %Black
        0.0, 0, 0;
        0.0, 0, 0;
        0.0, 0, 0;
        0.0, 0, 0;
        0.0, 0, 0;
        0.0, 0, 0;
        0.0, 0, 0;  %Black
        0.7, 0, 0; %Red
        0.75, 0, 0;
        0.80, 0, 0;
        0.85, 0, 0;
        .9, 0, 0;
        .95, 0, 0;
        1, 0, 0;
        1, .1, 0;
        1, .2, 0;
        1, .3, 0;
        1, .5, 0;
        1, .7, 0;
        1, .85, 0;
        1, 1, 0;
        .8, 1, 0;
        .6, 1, 0;
        0.4, 1, 0;
        0.1, .9, .1;
        0.1, .9, .2;
        0.2, .8, .2;
        0, .8, .2;
        0, .7, .07
        0, .6, .07
        0, .5, .07];
    
    color = [0, 0, 0;   %Black
        0.02, 0.02, 0.02;  %Black
        0.04, 0.04, 0.04;
        0.06, 0.06, 0.06;
        0.08, 0.08, 0.08;
        0.1, 0.1, 0.1;  %Black
        0.12, .12, 0.12;  %Black
        0.14, 0.14, 0.14;
        0.16, 0.16, 0.16;
        0.18, 0.18, 0.18;
        0.2, 0.2, 0.2;
        0.22, 0.22, 0.22;  %Black
        0.7, 0, 0; %Red
        0.80, 0, 0;
        1, 0, 0;
        1, .3, 0;
        1, .5, 0;
        1, 1, 0;
        .6, 1, 0;
        0.4, 1, 0;
        0.2, .8, .2;
        0, .8, .2;
        0, .5, .07];

end

